timestamp=
['start: 20260127-224134(+0800)', 'duration: 00:22:45', 'end: 20260127-230419(+0800)']

model config=
name: colVAE
upsample_target_size: (64, 64)
loss_function: 0.0005 * (|mse-110.0|) + 0.4973 * (|kld-0.0|) + 0.0050 * (|dice-0.15|) + 0.4973 * (|ssim-0.09|)
R_config: {'name': '20251116-130523(+0800)_Rref_VGG4layer_weights.pth', 'output_channels': 32, 'num_classes': 8}
z_dim: 512
encoder_input_channels: 4
encoder_output_channels: 256
conditioned_features_channels: 64
z_projected_channels: 64
train_loader: {'name': 'train_loader', 'batch_size': 128, 'wafer_resize_scale': (64, 64), 'test_size': 0.2}
validation_loader: None

-----  Loss:    mse      -----
Epoch | Loss           | Learning Rate
------------------------------
    1 | 182.8345696586 | 0.0001000
    2 | 43.2176373906 | 0.0001000
    3 | 34.4793458826 | 0.0001000
    4 | 29.1887839181 | 0.0001000
    5 | 24.9572758394 | 0.0001000
    6 | 21.7327428225 | 0.0001000
    7 | 18.1767880416 | 0.0001000
    8 | 14.6733546538 | 0.0001000
    9 | 11.3343764233 | 0.0001000
   10 | 8.0868628366 | 0.0001000
   11 | 4.6940516624 | 0.0001000
   12 | 3.1102170544 | 0.0001000
   13 | 2.8032138087 | 0.0001000
   14 | 2.1572004366 | 0.0001000
   15 | 1.9552356496 | 0.0001000
   16 | 2.0780925270 | 0.0001000
   17 | 1.8060599896 | 0.0001000
   18 | 1.7735942873 | 0.0001000
   19 | 1.6738460765 | 0.0001000
   20 | 1.5904772141 | 0.0001000
   21 | 1.6908280829 | 0.0001000
   22 | 1.3840536871 | 0.0001000
   23 | 1.5668065368 | 0.0001000
   24 | 1.3200892921 | 0.0001000
   25 | 1.5559798810 | 0.0001000
   26 | 1.3568817587 | 0.0001000
   27 | 1.5452969655 | 0.0001000
   28 | 1.6026134651 | 0.0001000
   29 | 1.4565239914 | 0.0001000
   30 | 1.4891783450 | 0.0001000
   31 | 1.5919561627 | 0.0001000
   32 | 1.4829425972 | 0.0001000
   33 | 1.4044069883 | 0.0001000
   34 | 1.5293880751 | 0.0001000
   35 | 1.7903623501 | 0.0001000
   36 | 1.4506261168 | 0.0001000
   37 | 1.6081744603 | 0.0001000
   38 | 1.6206436157 | 0.0001000
   39 | 1.5857544586 | 0.0001000
   40 | 1.6884489620 | 0.0001000
   41 | 1.7370238424 | 0.0001000
   42 | 1.6486010511 | 0.0001000
   43 | 1.6885672818 | 0.0001000
   44 | 1.6475483229 | 0.0001000
   45 | 1.7663359762 | 0.0001000
   46 | 1.5898166624 | 0.0001000
   47 | 1.4985277192 | 0.0001000
   48 | 1.2403491365 | 0.0001000
   49 | 1.2504000303 | 0.0001000
   50 | 1.0548228737 | 0.0001000

-----  Loss:    kld      -----
Epoch | Loss           | Learning Rate
------------------------------
    1 | 13.2607684878 | 0.0001000
    2 | 0.3927668451 | 0.0001000
    3 | 0.3633153362 | 0.0001000
    4 | 0.2961404221 | 0.0001000
    5 | 0.3570817979 | 0.0001000
    6 | 0.3471692680 | 0.0001000
    7 | 0.2519372445 | 0.0001000
    8 | 0.2429897618 | 0.0001000
    9 | 0.2340343253 | 0.0001000
   10 | 0.2459727282 | 0.0001000
   11 | 0.2095043272 | 0.0001000
   12 | 0.2020891949 | 0.0001000
   13 | 0.2494693776 | 0.0001000
   14 | 0.2314418133 | 0.0001000
   15 | 0.1894898329 | 0.0001000
   16 | 0.1765133416 | 0.0001000
   17 | 0.2503236238 | 0.0001000
   18 | 0.1595546662 | 0.0001000
   19 | 0.1686629460 | 0.0001000
   20 | 0.1384130542 | 0.0001000
   21 | 0.1335377296 | 0.0001000
   22 | 0.1242721000 | 0.0001000
   23 | 0.1155578445 | 0.0001000
   24 | 0.1933432937 | 0.0001000
   25 | 0.1431416843 | 0.0001000
   26 | 0.1174270725 | 0.0001000
   27 | 0.1006428304 | 0.0001000
   28 | 0.1213608981 | 0.0001000
   29 | 0.0917744224 | 0.0001000
   30 | 0.0838050532 | 0.0001000
   31 | 0.0836566602 | 0.0001000
   32 | 0.0771327206 | 0.0001000
   33 | 0.0720987896 | 0.0001000
   34 | 0.0708010681 | 0.0001000
   35 | 0.0734204067 | 0.0001000
   36 | 0.1168909224 | 0.0001000
   37 | 0.0674676408 | 0.0001000
   38 | 0.1055946154 | 0.0001000
   39 | 0.0649266060 | 0.0001000
   40 | 0.0580566610 | 0.0001000
   41 | 0.0698725681 | 0.0001000
   42 | 0.0701388382 | 0.0001000
   43 | 0.0583584781 | 0.0001000
   44 | 0.0480196769 | 0.0001000
   45 | 0.0454551398 | 0.0001000
   46 | 0.0513471668 | 0.0001000
   47 | 0.0484910395 | 0.0001000
   48 | 0.0409132514 | 0.0001000
   49 | 0.0370037104 | 0.0001000
   50 | 0.0346517247 | 0.0001000

-----  Loss:    dice     -----
Epoch | Loss           | Learning Rate
------------------------------
    1 | 0.2510674261 | 0.0001000
    2 | 0.1887153432 | 0.0001000
    3 | 0.1852427578 | 0.0001000
    4 | 0.1834550643 | 0.0001000
    5 | 0.1820046516 | 0.0001000
    6 | 0.1810902288 | 0.0001000
    7 | 0.1799690293 | 0.0001000
    8 | 0.1788514169 | 0.0001000
    9 | 0.1777901112 | 0.0001000
   10 | 0.1768618295 | 0.0001000
   11 | 0.1758649462 | 0.0001000
   12 | 0.1752421651 | 0.0001000
   13 | 0.1748785794 | 0.0001000
   14 | 0.1745862715 | 0.0001000
   15 | 0.1746404138 | 0.0001000
   16 | 0.1745943480 | 0.0001000
   17 | 0.1743779507 | 0.0001000
   18 | 0.1744702242 | 0.0001000
   19 | 0.1741830133 | 0.0001000
   20 | 0.1739823053 | 0.0001000
   21 | 0.1740212928 | 0.0001000
   22 | 0.1747126698 | 0.0001000
   23 | 0.1741139466 | 0.0001000
   24 | 0.1740190367 | 0.0001000
   25 | 0.1744431415 | 0.0001000
   26 | 0.1748143904 | 0.0001000
   27 | 0.1747168348 | 0.0001000
   28 | 0.1746399747 | 0.0001000
   29 | 0.1756991001 | 0.0001000
   30 | 0.1757930710 | 0.0001000
   31 | 0.1759283613 | 0.0001000
   32 | 0.1759158254 | 0.0001000
   33 | 0.1764330948 | 0.0001000
   34 | 0.1763413356 | 0.0001000
   35 | 0.1768329396 | 0.0001000
   36 | 0.1769500255 | 0.0001000
   37 | 0.1775557120 | 0.0001000
   38 | 0.1768143176 | 0.0001000
   39 | 0.1782682258 | 0.0001000
   40 | 0.1783922047 | 0.0001000
   41 | 0.1776334802 | 0.0001000
   42 | 0.1794302171 | 0.0001000
   43 | 0.1802810678 | 0.0001000
   44 | 0.1799576177 | 0.0001000
   45 | 0.1772071050 | 0.0001000
   46 | 0.1761367180 | 0.0001000
   47 | 0.1713821197 | 0.0001000
   48 | 0.1681399333 | 0.0001000
   49 | 0.1655430198 | 0.0001000
   50 | 0.1632526200 | 0.0001000

-----  Loss:    ssim     -----
Epoch | Loss           | Learning Rate
------------------------------
    1 | 0.3097131876 | 0.0001000
    2 | 0.1844214326 | 0.0001000
    3 | 0.1588852092 | 0.0001000
    4 | 0.1419922552 | 0.0001000
    5 | 0.1292132916 | 0.0001000
    6 | 0.1194976305 | 0.0001000
    7 | 0.1097274936 | 0.0001000
    8 | 0.1013729622 | 0.0001000
    9 | 0.0942028836 | 0.0001000
   10 | 0.0878185592 | 0.0001000
   11 | 0.0817658453 | 0.0001000
   12 | 0.0746463975 | 0.0001000
   13 | 0.0683053484 | 0.0001000
   14 | 0.0630520735 | 0.0001000
   15 | 0.0583886231 | 0.0001000
   16 | 0.0545967422 | 0.0001000
   17 | 0.0510658131 | 0.0001000
   18 | 0.0483887737 | 0.0001000
   19 | 0.0452307430 | 0.0001000
   20 | 0.0427019478 | 0.0001000
   21 | 0.0398693994 | 0.0001000
   22 | 0.0373359115 | 0.0001000
   23 | 0.0349024692 | 0.0001000
   24 | 0.0328400238 | 0.0001000
   25 | 0.0308643364 | 0.0001000
   26 | 0.0290062821 | 0.0001000
   27 | 0.0268546749 | 0.0001000
   28 | 0.0249075499 | 0.0001000
   29 | 0.0227339546 | 0.0001000
   30 | 0.0207223997 | 0.0001000
   31 | 0.0186228867 | 0.0001000
   32 | 0.0167526665 | 0.0001000
   33 | 0.0148326860 | 0.0001000
   34 | 0.0132186480 | 0.0001000
   35 | 0.0121047887 | 0.0001000
   36 | 0.0101075435 | 0.0001000
   37 | 0.0088685716 | 0.0001000
   38 | 0.0076695530 | 0.0001000
   39 | 0.0063045451 | 0.0001000
   40 | 0.0051343013 | 0.0001000
   41 | 0.0041814396 | 0.0001000
   42 | 0.0026816087 | 0.0001000
   43 | 0.0018500869 | 0.0001000
   44 | 0.0014082622 | 0.0001000
   45 | 0.0014771844 | 0.0001000
   46 | 0.0013002866 | 0.0001000
   47 | 0.0017503067 | 0.0001000
   48 | 0.0012813639 | 0.0001000
   49 | 0.0016159986 | 0.0001000
   50 | 0.0018652668 | 0.0001000

